



<!DOCTYPE html>
<html lang="en">
  
  <head>
    
      <meta charset="utf-8">
      <title>Panel</title>
      
      
        
              <link rel="stylesheet" href="https://unpkg.com/@holoviz/panel@0.12.7/dist/css/alerts.css" type="text/css" />
            <link rel="stylesheet" href="https://unpkg.com/@holoviz/panel@0.12.7/dist/css/card.css" type="text/css" />
            <link rel="stylesheet" href="https://unpkg.com/@holoviz/panel@0.12.7/dist/css/dataframe.css" type="text/css" />
            <link rel="stylesheet" href="https://unpkg.com/@holoviz/panel@0.12.7/dist/css/json.css" type="text/css" />
            <link rel="stylesheet" href="https://unpkg.com/@holoviz/panel@0.12.7/dist/css/loading.css" type="text/css" />
            <link rel="stylesheet" href="https://unpkg.com/@holoviz/panel@0.12.7/dist/css/markdown.css" type="text/css" />
            <link rel="stylesheet" href="https://unpkg.com/@holoviz/panel@0.12.7/dist/css/widgets.css" type="text/css" />
            <style>
                
            .bk.pn-loading.arcs:before {
              background-image: url("data:image/svg+xml;base64,PHN2ZyB4bWxucz0iaHR0cDovL3d3dy53My5vcmcvMjAwMC9zdmciIHhtbG5zOnhsaW5rPSJodHRwOi8vd3d3LnczLm9yZy8xOTk5L3hsaW5rIiBzdHlsZT0ibWFyZ2luOiBhdXRvOyBiYWNrZ3JvdW5kOiBub25lOyBkaXNwbGF5OiBibG9jazsgc2hhcGUtcmVuZGVyaW5nOiBhdXRvOyIgdmlld0JveD0iMCAwIDEwMCAxMDAiIHByZXNlcnZlQXNwZWN0UmF0aW89InhNaWRZTWlkIj4gIDxjaXJjbGUgY3g9IjUwIiBjeT0iNTAiIHI9IjMyIiBzdHJva2Utd2lkdGg9IjgiIHN0cm9rZT0iI2MzYzNjMyIgc3Ryb2tlLWRhc2hhcnJheT0iNTAuMjY1NDgyNDU3NDM2NjkgNTAuMjY1NDgyNDU3NDM2NjkiIGZpbGw9Im5vbmUiIHN0cm9rZS1saW5lY2FwPSJyb3VuZCI+ICAgIDxhbmltYXRlVHJhbnNmb3JtIGF0dHJpYnV0ZU5hbWU9InRyYW5zZm9ybSIgdHlwZT0icm90YXRlIiByZXBlYXRDb3VudD0iaW5kZWZpbml0ZSIgZHVyPSIxcyIga2V5VGltZXM9IjA7MSIgdmFsdWVzPSIwIDUwIDUwOzM2MCA1MCA1MCI+PC9hbmltYXRlVHJhbnNmb3JtPiAgPC9jaXJjbGU+PC9zdmc+");
              max-height: 400px;
            }
            
            </style>

        
        
          
        <script type="text/javascript" src="https://cdn.bokeh.org/bokeh/release/bokeh-2.4.3.min.js"></script>
        <script type="text/javascript" src="https://cdn.bokeh.org/bokeh/release/bokeh-gl-2.4.3.min.js"></script>
        <script type="text/javascript" src="https://cdn.bokeh.org/bokeh/release/bokeh-widgets-2.4.3.min.js"></script>
        <script type="text/javascript" src="https://cdn.bokeh.org/bokeh/release/bokeh-tables-2.4.3.min.js"></script>
        <script type="text/javascript" src="https://unpkg.com/@holoviz/panel@0.12.7/dist/panel.min.js"></script>
        <script type="text/javascript">
            Bokeh.set_log_level("info");
        </script>
        
      
      
    
  </head>
  
  
  <body>
    
      
        
          
          
            
              <div class="bk-root" id="4cdb0a89-6732-4930-b955-2d7518d9d746" data-root-id="131621"></div>
            
          
        
      
      
        <script type="application/json" id="131902">
          {"dc318270-0078-490b-8b91-87e62804f487":{"defs":[{"extends":null,"module":null,"name":"ReactiveHTML1","overrides":[],"properties":[]},{"extends":null,"module":null,"name":"FlexBox1","overrides":[],"properties":[{"default":"flex-start","kind":null,"name":"align_content"},{"default":"flex-start","kind":null,"name":"align_items"},{"default":"row","kind":null,"name":"flex_direction"},{"default":"wrap","kind":null,"name":"flex_wrap"},{"default":"flex-start","kind":null,"name":"justify_content"}]},{"extends":null,"module":null,"name":"TemplateActions1","overrides":[],"properties":[{"default":0,"kind":null,"name":"open_modal"},{"default":0,"kind":null,"name":"close_modal"}]},{"extends":null,"module":null,"name":"MaterialTemplateActions1","overrides":[],"properties":[{"default":0,"kind":null,"name":"open_modal"},{"default":0,"kind":null,"name":"close_modal"}]}],"roots":{"references":[{"attributes":{},"id":"131635","type":"CategoricalTicker"},{"attributes":{"overlay":{"id":"131645"}},"id":"131643","type":"BoxZoomTool"},{"attributes":{"axis_label":"","coordinates":null,"formatter":{"id":"131654"},"group":null,"major_label_orientation":1.2217304763960306,"major_label_policy":{"id":"131655"},"ticker":{"id":"131635"}},"id":"131634","type":"CategoricalAxis"},{"attributes":{"factors":["ingot_min","ingot_sum","ingot_ptp","bucket_skew","bucket_kurt","mould_median","oil_pressure_max","bucket_mean","mould_sum","ingot_iqr","ingot_median","oil_pressure_kurt","bucket_ptp","bucket_var","oil_pressure_ptp","mould_kurt","ingot_skew","ingot_sem","mould_iqr","final label"],"tags":[[["index","index",null]]]},"id":"131623","type":"FactorRange"},{"attributes":{"axis_label":"","coordinates":null,"formatter":{"id":"131657"},"group":null,"major_label_policy":{"id":"131658"},"ticker":{"id":"131638"}},"id":"131637","type":"CategoricalAxis"},{"attributes":{"high":1.0,"low":-0.6848476446238501,"nan_color":"white","palette":["#75968f","#a5bab7","#c9d9d3","#e2e2e2","#dfccce","#ddb7b1","#cc7878","#933b41","#550b1d"]},"id":"131659","type":"LinearColorMapper"},{"attributes":{},"id":"131638","type":"CategoricalTicker"},{"attributes":{},"id":"131655","type":"AllLabels"},{"attributes":{"source":{"id":"131671"}},"id":"131678","type":"CDSView"},{"attributes":{},"id":"131654","type":"CategoricalTickFormatter"},{"attributes":{"text":{"field":"value"},"text_align":{"value":"center"},"text_baseline":{"value":"middle"},"text_color":{"value":"black"},"text_font_size":{"value":"7pt"},"x":{"field":"columns"},"y":{"field":"index"}},"id":"131674","type":"Text"},{"attributes":{},"id":"131640","type":"SaveTool"},{"attributes":{"bottom_units":"screen","coordinates":null,"fill_alpha":0.5,"fill_color":"lightgrey","group":null,"left_units":"screen","level":"overlay","line_alpha":1.0,"line_color":"black","line_dash":[4,4],"line_width":2,"right_units":"screen","syncable":false,"top_units":"screen"},"id":"131645","type":"BoxAnnotation"},{"attributes":{"angle":{"value":0},"text":{"field":"value"},"text_align":{"value":"center"},"text_alpha":{"value":1.0},"text_baseline":{"value":"middle"},"text_color":{"value":"black"},"text_font_size":{"value":"7pt"},"text_font_style":{"value":"normal"},"text_line_height":{"value":1.2},"x":{"field":"columns"},"x_offset":{"value":0},"y":{"field":"index"},"y_offset":{"value":0}},"id":"131679","type":"Text"},{"attributes":{},"id":"131630","type":"CategoricalScale"},{"attributes":{"text":{"field":"value"},"text_align":{"value":"center"},"text_alpha":{"value":0.2},"text_baseline":{"value":"middle"},"text_color":{"value":"black"},"text_font_size":{"value":"7pt"},"x":{"field":"columns"},"y":{"field":"index"}},"id":"131676","type":"Text"},{"attributes":{},"id":"131632","type":"CategoricalScale"},{"attributes":{},"id":"131657","type":"CategoricalTickFormatter"},{"attributes":{},"id":"131644","type":"ResetTool"},{"attributes":{"tools":[{"id":"131624"},{"id":"131640"},{"id":"131641"},{"id":"131642"},{"id":"131643"},{"id":"131644"}]},"id":"131646","type":"Toolbar"},{"attributes":{},"id":"131684","type":"NoOverlap"},{"attributes":{"fill_color":{"field":"zvalues","transform":{"id":"131659"}},"height":{"value":1},"line_alpha":{"value":0},"line_color":{"value":"#1f77b4"},"width":{"value":1},"x":{"field":"columns"},"y":{"field":"index"}},"id":"131663","type":"Rect"},{"attributes":{},"id":"131642","type":"WheelZoomTool"},{"attributes":{},"id":"131690","type":"UnionRenderers"},{"attributes":{"data":{"columns":["ingot_min","ingot_min","ingot_min","ingot_min","ingot_min","ingot_min","ingot_min","ingot_min","ingot_min","ingot_min","ingot_min","ingot_min","ingot_min","ingot_min","ingot_min","ingot_min","ingot_min","ingot_min","ingot_min","ingot_min","ingot_sum","ingot_sum","ingot_sum","ingot_sum","ingot_sum","ingot_sum","ingot_sum","ingot_sum","ingot_sum","ingot_sum","ingot_sum","ingot_sum","ingot_sum","ingot_sum","ingot_sum","ingot_sum","ingot_sum","ingot_sum","ingot_sum","ingot_sum","ingot_ptp","ingot_ptp","ingot_ptp","ingot_ptp","ingot_ptp","ingot_ptp","ingot_ptp","ingot_ptp","ingot_ptp","ingot_ptp","ingot_ptp","ingot_ptp","ingot_ptp","ingot_ptp","ingot_ptp","ingot_ptp","ingot_ptp","ingot_ptp","ingot_ptp","ingot_ptp","bucket_skew","bucket_skew","bucket_skew","bucket_skew","bucket_skew","bucket_skew","bucket_skew","bucket_skew","bucket_skew","bucket_skew","bucket_skew","bucket_skew","bucket_skew","bucket_skew","bucket_skew","bucket_skew","bucket_skew","bucket_skew","bucket_skew","bucket_skew","bucket_kurt","bucket_kurt","bucket_kurt","bucket_kurt","bucket_kurt","bucket_kurt","bucket_kurt","bucket_kurt","bucket_kurt","bucket_kurt","bucket_kurt","bucket_kurt","bucket_kurt","bucket_kurt","bucket_kurt","bucket_kurt","bucket_kurt","bucket_kurt","bucket_kurt","bucket_kurt","mould_median","mould_median","mould_median","mould_median","mould_median","mould_median","mould_median","mould_median","mould_median","mould_median","mould_median","mould_median","mould_median","mould_median","mould_median","mould_median","mould_median","mould_median","mould_median","mould_median","oil_pressure_max","oil_pressure_max","oil_pressure_max","oil_pressure_max","oil_pressure_max","oil_pressure_max","oil_pressure_max","oil_pressure_max","oil_pressure_max","oil_pressure_max","oil_pressure_max","oil_pressure_max","oil_pressure_max","oil_pressure_max","oil_pressure_max","oil_pressure_max","oil_pressure_max","oil_pressure_max","oil_pressure_max","oil_pressure_max","bucket_mean","bucket_mean","bucket_mean","bucket_mean","bucket_mean","bucket_mean","bucket_mean","bucket_mean","bucket_mean","bucket_mean","bucket_mean","bucket_mean","bucket_mean","bucket_mean","bucket_mean","bucket_mean","bucket_mean","bucket_mean","bucket_mean","bucket_mean","mould_sum","mould_sum","mould_sum","mould_sum","mould_sum","mould_sum","mould_sum","mould_sum","mould_sum","mould_sum","mould_sum","mould_sum","mould_sum","mould_sum","mould_sum","mould_sum","mould_sum","mould_sum","mould_sum","mould_sum","ingot_iqr","ingot_iqr","ingot_iqr","ingot_iqr","ingot_iqr","ingot_iqr","ingot_iqr","ingot_iqr","ingot_iqr","ingot_iqr","ingot_iqr","ingot_iqr","ingot_iqr","ingot_iqr","ingot_iqr","ingot_iqr","ingot_iqr","ingot_iqr","ingot_iqr","ingot_iqr","ingot_median","ingot_median","ingot_median","ingot_median","ingot_median","ingot_median","ingot_median","ingot_median","ingot_median","ingot_median","ingot_median","ingot_median","ingot_median","ingot_median","ingot_median","ingot_median","ingot_median","ingot_median","ingot_median","ingot_median","oil_pressure_kurt","oil_pressure_kurt","oil_pressure_kurt","oil_pressure_kurt","oil_pressure_kurt","oil_pressure_kurt","oil_pressure_kurt","oil_pressure_kurt","oil_pressure_kurt","oil_pressure_kurt","oil_pressure_kurt","oil_pressure_kurt","oil_pressure_kurt","oil_pressure_kurt","oil_pressure_kurt","oil_pressure_kurt","oil_pressure_kurt","oil_pressure_kurt","oil_pressure_kurt","oil_pressure_kurt","bucket_ptp","bucket_ptp","bucket_ptp","bucket_ptp","bucket_ptp","bucket_ptp","bucket_ptp","bucket_ptp","bucket_ptp","bucket_ptp","bucket_ptp","bucket_ptp","bucket_ptp","bucket_ptp","bucket_ptp","bucket_ptp","bucket_ptp","bucket_ptp","bucket_ptp","bucket_ptp","bucket_var","bucket_var","bucket_var","bucket_var","bucket_var","bucket_var","bucket_var","bucket_var","bucket_var","bucket_var","bucket_var","bucket_var","bucket_var","bucket_var","bucket_var","bucket_var","bucket_var","bucket_var","bucket_var","bucket_var","oil_pressure_ptp","oil_pressure_ptp","oil_pressure_ptp","oil_pressure_ptp","oil_pressure_ptp","oil_pressure_ptp","oil_pressure_ptp","oil_pressure_ptp","oil_pressure_ptp","oil_pressure_ptp","oil_pressure_ptp","oil_pressure_ptp","oil_pressure_ptp","oil_pressure_ptp","oil_pressure_ptp","oil_pressure_ptp","oil_pressure_ptp","oil_pressure_ptp","oil_pressure_ptp","oil_pressure_ptp","mould_kurt","mould_kurt","mould_kurt","mould_kurt","mould_kurt","mould_kurt","mould_kurt","mould_kurt","mould_kurt","mould_kurt","mould_kurt","mould_kurt","mould_kurt","mould_kurt","mould_kurt","mould_kurt","mould_kurt","mould_kurt","mould_kurt","mould_kurt","ingot_skew","ingot_skew","ingot_skew","ingot_skew","ingot_skew","ingot_skew","ingot_skew","ingot_skew","ingot_skew","ingot_skew","ingot_skew","ingot_skew","ingot_skew","ingot_skew","ingot_skew","ingot_skew","ingot_skew","ingot_skew","ingot_skew","ingot_skew","ingot_sem","ingot_sem","ingot_sem","ingot_sem","ingot_sem","ingot_sem","ingot_sem","ingot_sem","ingot_sem","ingot_sem","ingot_sem","ingot_sem","ingot_sem","ingot_sem","ingot_sem","ingot_sem","ingot_sem","ingot_sem","ingot_sem","ingot_sem","mould_iqr","mould_iqr","mould_iqr","mould_iqr","mould_iqr","mould_iqr","mould_iqr","mould_iqr","mould_iqr","mould_iqr","mould_iqr","mould_iqr","mould_iqr","mould_iqr","mould_iqr","mould_iqr","mould_iqr","mould_iqr","mould_iqr","mould_iqr","final label","final label","final label","final label","final label","final label","final label","final label","final label","final label","final label","final label","final label","final label","final label","final label","final label","final label","final label","final label"],"index":["ingot_min","ingot_sum","ingot_ptp","bucket_skew","bucket_kurt","mould_median","oil_pressure_max","bucket_mean","mould_sum","ingot_iqr","ingot_median","oil_pressure_kurt","bucket_ptp","bucket_var","oil_pressure_ptp","mould_kurt","ingot_skew","ingot_sem","mould_iqr","final label","ingot_min","ingot_sum","ingot_ptp","bucket_skew","bucket_kurt","mould_median","oil_pressure_max","bucket_mean","mould_sum","ingot_iqr","ingot_median","oil_pressure_kurt","bucket_ptp","bucket_var","oil_pressure_ptp","mould_kurt","ingot_skew","ingot_sem","mould_iqr","final label","ingot_min","ingot_sum","ingot_ptp","bucket_skew","bucket_kurt","mould_median","oil_pressure_max","bucket_mean","mould_sum","ingot_iqr","ingot_median","oil_pressure_kurt","bucket_ptp","bucket_var","oil_pressure_ptp","mould_kurt","ingot_skew","ingot_sem","mould_iqr","final label","ingot_min","ingot_sum","ingot_ptp","bucket_skew","bucket_kurt","mould_median","oil_pressure_max","bucket_mean","mould_sum","ingot_iqr","ingot_median","oil_pressure_kurt","bucket_ptp","bucket_var","oil_pressure_ptp","mould_kurt","ingot_skew","ingot_sem","mould_iqr","final label","ingot_min","ingot_sum","ingot_ptp","bucket_skew","bucket_kurt","mould_median","oil_pressure_max","bucket_mean","mould_sum","ingot_iqr","ingot_median","oil_pressure_kurt","bucket_ptp","bucket_var","oil_pressure_ptp","mould_kurt","ingot_skew","ingot_sem","mould_iqr","final label","ingot_min","ingot_sum","ingot_ptp","bucket_skew","bucket_kurt","mould_median","oil_pressure_max","bucket_mean","mould_sum","ingot_iqr","ingot_median","oil_pressure_kurt","bucket_ptp","bucket_var","oil_pressure_ptp","mould_kurt","ingot_skew","ingot_sem","mould_iqr","final label","ingot_min","ingot_sum","ingot_ptp","bucket_skew","bucket_kurt","mould_median","oil_pressure_max","bucket_mean","mould_sum","ingot_iqr","ingot_median","oil_pressure_kurt","bucket_ptp","bucket_var","oil_pressure_ptp","mould_kurt","ingot_skew","ingot_sem","mould_iqr","final label","ingot_min","ingot_sum","ingot_ptp","bucket_skew","bucket_kurt","mould_median","oil_pressure_max","bucket_mean","mould_sum","ingot_iqr","ingot_median","oil_pressure_kurt","bucket_ptp","bucket_var","oil_pressure_ptp","mould_kurt","ingot_skew","ingot_sem","mould_iqr","final label","ingot_min","ingot_sum","ingot_ptp","bucket_skew","bucket_kurt","mould_median","oil_pressure_max","bucket_mean","mould_sum","ingot_iqr","ingot_median","oil_pressure_kurt","bucket_ptp","bucket_var","oil_pressure_ptp","mould_kurt","ingot_skew","ingot_sem","mould_iqr","final label","ingot_min","ingot_sum","ingot_ptp","bucket_skew","bucket_kurt","mould_median","oil_pressure_max","bucket_mean","mould_sum","ingot_iqr","ingot_median","oil_pressure_kurt","bucket_ptp","bucket_var","oil_pressure_ptp","mould_kurt","ingot_skew","ingot_sem","mould_iqr","final label","ingot_min","ingot_sum","ingot_ptp","bucket_skew","bucket_kurt","mould_median","oil_pressure_max","bucket_mean","mould_sum","ingot_iqr","ingot_median","oil_pressure_kurt","bucket_ptp","bucket_var","oil_pressure_ptp","mould_kurt","ingot_skew","ingot_sem","mould_iqr","final label","ingot_min","ingot_sum","ingot_ptp","bucket_skew","bucket_kurt","mould_median","oil_pressure_max","bucket_mean","mould_sum","ingot_iqr","ingot_median","oil_pressure_kurt","bucket_ptp","bucket_var","oil_pressure_ptp","mould_kurt","ingot_skew","ingot_sem","mould_iqr","final label","ingot_min","ingot_sum","ingot_ptp","bucket_skew","bucket_kurt","mould_median","oil_pressure_max","bucket_mean","mould_sum","ingot_iqr","ingot_median","oil_pressure_kurt","bucket_ptp","bucket_var","oil_pressure_ptp","mould_kurt","ingot_skew","ingot_sem","mould_iqr","final label","ingot_min","ingot_sum","ingot_ptp","bucket_skew","bucket_kurt","mould_median","oil_pressure_max","bucket_mean","mould_sum","ingot_iqr","ingot_median","oil_pressure_kurt","bucket_ptp","bucket_var","oil_pressure_ptp","mould_kurt","ingot_skew","ingot_sem","mould_iqr","final label","ingot_min","ingot_sum","ingot_ptp","bucket_skew","bucket_kurt","mould_median","oil_pressure_max","bucket_mean","mould_sum","ingot_iqr","ingot_median","oil_pressure_kurt","bucket_ptp","bucket_var","oil_pressure_ptp","mould_kurt","ingot_skew","ingot_sem","mould_iqr","final label","ingot_min","ingot_sum","ingot_ptp","bucket_skew","bucket_kurt","mould_median","oil_pressure_max","bucket_mean","mould_sum","ingot_iqr","ingot_median","oil_pressure_kurt","bucket_ptp","bucket_var","oil_pressure_ptp","mould_kurt","ingot_skew","ingot_sem","mould_iqr","final label","ingot_min","ingot_sum","ingot_ptp","bucket_skew","bucket_kurt","mould_median","oil_pressure_max","bucket_mean","mould_sum","ingot_iqr","ingot_median","oil_pressure_kurt","bucket_ptp","bucket_var","oil_pressure_ptp","mould_kurt","ingot_skew","ingot_sem","mould_iqr","final label","ingot_min","ingot_sum","ingot_ptp","bucket_skew","bucket_kurt","mould_median","oil_pressure_max","bucket_mean","mould_sum","ingot_iqr","ingot_median","oil_pressure_kurt","bucket_ptp","bucket_var","oil_pressure_ptp","mould_kurt","ingot_skew","ingot_sem","mould_iqr","final label","ingot_min","ingot_sum","ingot_ptp","bucket_skew","bucket_kurt","mould_median","oil_pressure_max","bucket_mean","mould_sum","ingot_iqr","ingot_median","oil_pressure_kurt","bucket_ptp","bucket_var","oil_pressure_ptp","mould_kurt","ingot_skew","ingot_sem","mould_iqr","final label","ingot_min","ingot_sum","ingot_ptp","bucket_skew","bucket_kurt","mould_median","oil_pressure_max","bucket_mean","mould_sum","ingot_iqr","ingot_median","oil_pressure_kurt","bucket_ptp","bucket_var","oil_pressure_ptp","mould_kurt","ingot_skew","ingot_sem","mould_iqr","final label"],"value":["1","0.081789","-0.53798","-0.35779","0.069126","0.011494","0.23558","0.43671","0.15693","-0.26612","0.59309","0.1715","0.11578","-0.1027","-0.051906","-0.021343","0.025279","-0.17097","-0.11519","0.19404","0.081789","1","0.21389","-0.11004","0.0064448","0.00086037","0.10861","0.12134","0.36281","0.071248","0.21916","-0.063586","0.16956","0.04154","0.032557","0.13597","-0.20313","-0.33737","-0.01691","-0.098352","-0.53798","0.21389","1","-0.21411","0.085782","0.18511","0.28568","0.28469","0.27511","0.36304","0.16244","-0.021784","0.22351","0.053629","-0.060158","0.11911","-0.38124","0.27184","0.046524","0.0017727","-0.35779","-0.11004","-0.21411","1","-0.6421","-0.16115","-0.44097","-0.68485","-0.30645","-0.046868","-0.63323","-0.23191","-0.34337","0.098844","0.085774","-0.028654","0.37253","-0.067751","0.24445","-0.27071","0.069126","0.0064448","0.085782","-0.6421","1","0.047706","0.058222","0.12406","0.050546","0.10801","0.18129","0.09328","0.42833","-0.03245","-0.025077","-0.047416","-0.053775","0.050054","0.026832","0.022305","0.011494","0.00086037","0.18511","-0.16115","0.047706","1","0.27656","0.27076","0.62791","0.15515","0.078244","-0.078254","0.033328","0.065387","-0.055491","-0.13322","0.0041185","0.13814","-0.0091131","-0.31834","0.23558","0.10861","0.28568","-0.44097","0.058222","0.27656","1","0.66224","0.28648","0.10487","0.40591","0.10556","0.26714","0.060044","0.026543","0.050661","-0.20029","0.10286","0.040656","0.24419","0.43671","0.12134","0.28469","-0.68485","0.12406","0.27076","0.66224","1","0.34358","0.031379","0.69169","0.21042","0.25119","-0.086759","-0.15047","0.088422","-0.39915","0.10004","-0.18014","0.37331","0.15693","0.36281","0.27511","-0.30645","0.050546","0.62791","0.28648","0.34358","1","0.11455","0.31577","-0.0028072","0.27294","0.075669","0.041919","-0.033176","-0.15641","0.10707","-0.012129","-0.18466","-0.26612","0.071248","0.36304","-0.046868","0.10801","0.15515","0.10487","0.031379","0.11455","1","-0.17875","-0.10617","0.094869","0.1494","-0.027602","-0.00045288","0.2266","0.38311","-0.011218","-0.17678","0.59309","0.21916","0.16244","-0.63323","0.18129","0.078244","0.40591","0.69169","0.31577","-0.17875","1","0.24346","0.2376","-0.15417","-0.082351","0.090355","-0.5896","-0.0036235","-0.18705","0.32155","0.1715","-0.063586","-0.021784","-0.23191","0.09328","-0.078254","0.10556","0.21042","-0.0028072","-0.10617","0.24346","1","0.08754","-0.049427","-0.00035422","0.050656","-0.15721","-0.011289","-0.060094","0.26889","0.11578","0.16956","0.22351","-0.34337","0.42833","0.033328","0.26714","0.25119","0.27294","0.094869","0.2376","0.08754","1","0.63522","-0.049878","0.052966","-0.11991","0.044348","0.5737","0.13897","-0.1027","0.04154","0.053629","0.098844","-0.03245","0.065387","0.060044","-0.086759","0.075669","0.1494","-0.15417","-0.049427","0.63522","1","-0.0099665","-0.005102","0.092163","0.016355","0.65551","-0.01928","-0.051906","0.032557","-0.060158","0.085774","-0.025077","-0.055491","0.026543","-0.15047","0.041919","-0.027602","-0.082351","-0.00035422","-0.049878","-0.0099665","1","-0.0059678","0.030959","-0.013614","-0.0041829","-0.038089","-0.021343","0.13597","0.11911","-0.028654","-0.047416","-0.13322","0.050661","0.088422","-0.033176","-0.00045288","0.090355","0.050656","0.052966","-0.005102","-0.0059678","1","-0.095287","0.0081899","-0.043568","0.058319","0.025279","-0.20313","-0.38124","0.37253","-0.053775","0.0041185","-0.20029","-0.39915","-0.15641","0.2266","-0.5896","-0.15721","-0.11991","0.092163","0.030959","-0.095287","1","0.16374","0.15596","-0.34987","-0.17097","-0.33737","0.27184","-0.067751","0.050054","0.13814","0.10286","0.10004","0.10707","0.38311","-0.0036235","-0.011289","0.044348","0.016355","-0.013614","0.0081899","0.16374","1","-0.0066388","-0.013082","-0.11519","-0.01691","0.046524","0.24445","0.026832","-0.0091131","0.040656","-0.18014","-0.012129","-0.011218","-0.18705","-0.060094","0.5737","0.65551","-0.0041829","-0.043568","0.15596","-0.0066388","1","-0.10955","0.19404","-0.098352","0.0017727","-0.27071","0.022305","-0.31834","0.24419","0.37331","-0.18466","-0.17678","0.32155","0.26889","0.13897","-0.01928","-0.038089","0.058319","-0.34987","-0.013082","-0.10955","1"]},"selected":{"id":"131672"},"selection_policy":{"id":"131690"}},"id":"131671","type":"ColumnDataSource"},{"attributes":{"axis":{"id":"131634"},"coordinates":null,"grid_line_color":null,"group":null,"ticker":null},"id":"131636","type":"Grid"},{"attributes":{},"id":"131672","type":"Selection"},{"attributes":{"children":[{"id":"131625"}],"margin":[0,0,0,0],"name":"Row246619","tags":["embedded"]},"id":"131621","type":"Row"},{"attributes":{"below":[{"id":"131634"}],"center":[{"id":"131636"},{"id":"131639"}],"height":800,"left":[{"id":"131637"}],"margin":[5,5,5,5],"min_border_bottom":10,"min_border_left":10,"min_border_right":10,"min_border_top":10,"renderers":[{"id":"131667"},{"id":"131677"}],"right":[{"id":"131670"}],"sizing_mode":"fixed","title":{"id":"131626"},"toolbar":{"id":"131646"},"width":1200,"x_range":{"id":"131622"},"x_scale":{"id":"131630"},"y_range":{"id":"131623"},"y_scale":{"id":"131632"}},"id":"131625","subtype":"Figure","type":"Plot"},{"attributes":{"coordinates":null,"group":null,"text":"Heatmap of all Continuous Variables including target","text_color":"black","text_font_size":"12pt"},"id":"131626","type":"Title"},{"attributes":{"fill_color":{"field":"zvalues","transform":{"id":"131659"}},"height":{"value":1},"line_alpha":{"value":0},"line_color":{"value":"#1f77b4"},"width":{"value":1},"x":{"field":"columns"},"y":{"field":"index"}},"id":"131665","type":"Rect"},{"attributes":{"coordinates":null,"data_source":{"id":"131660"},"glyph":{"id":"131663"},"group":null,"hover_glyph":null,"muted_glyph":{"id":"131666"},"nonselection_glyph":{"id":"131664"},"selection_glyph":{"id":"131665"},"view":{"id":"131668"}},"id":"131667","type":"GlyphRenderer"},{"attributes":{"text":{"field":"value"},"text_align":{"value":"center"},"text_alpha":{"value":0.1},"text_baseline":{"value":"middle"},"text_color":{"value":"black"},"text_font_size":{"value":"7pt"},"x":{"field":"columns"},"y":{"field":"index"}},"id":"131675","type":"Text"},{"attributes":{"callback":null,"renderers":[{"id":"131667"}],"tags":["hv_created"],"tooltips":[["columns","@{columns}"],["index","@{index}"],["value","@{value}"]]},"id":"131624","type":"HoverTool"},{"attributes":{},"id":"131661","type":"Selection"},{"attributes":{},"id":"131658","type":"AllLabels"},{"attributes":{"bar_line_color":"black","color_mapper":{"id":"131659"},"coordinates":null,"group":null,"label_standoff":8,"location":[0,0],"major_label_policy":{"id":"131684"},"major_tick_line_color":"black","ticker":{"id":"131669"}},"id":"131670","type":"ColorBar"},{"attributes":{"data":{"columns":["ingot_min","ingot_min","ingot_min","ingot_min","ingot_min","ingot_min","ingot_min","ingot_min","ingot_min","ingot_min","ingot_min","ingot_min","ingot_min","ingot_min","ingot_min","ingot_min","ingot_min","ingot_min","ingot_min","ingot_min","ingot_sum","ingot_sum","ingot_sum","ingot_sum","ingot_sum","ingot_sum","ingot_sum","ingot_sum","ingot_sum","ingot_sum","ingot_sum","ingot_sum","ingot_sum","ingot_sum","ingot_sum","ingot_sum","ingot_sum","ingot_sum","ingot_sum","ingot_sum","ingot_ptp","ingot_ptp","ingot_ptp","ingot_ptp","ingot_ptp","ingot_ptp","ingot_ptp","ingot_ptp","ingot_ptp","ingot_ptp","ingot_ptp","ingot_ptp","ingot_ptp","ingot_ptp","ingot_ptp","ingot_ptp","ingot_ptp","ingot_ptp","ingot_ptp","ingot_ptp","bucket_skew","bucket_skew","bucket_skew","bucket_skew","bucket_skew","bucket_skew","bucket_skew","bucket_skew","bucket_skew","bucket_skew","bucket_skew","bucket_skew","bucket_skew","bucket_skew","bucket_skew","bucket_skew","bucket_skew","bucket_skew","bucket_skew","bucket_skew","bucket_kurt","bucket_kurt","bucket_kurt","bucket_kurt","bucket_kurt","bucket_kurt","bucket_kurt","bucket_kurt","bucket_kurt","bucket_kurt","bucket_kurt","bucket_kurt","bucket_kurt","bucket_kurt","bucket_kurt","bucket_kurt","bucket_kurt","bucket_kurt","bucket_kurt","bucket_kurt","mould_median","mould_median","mould_median","mould_median","mould_median","mould_median","mould_median","mould_median","mould_median","mould_median","mould_median","mould_median","mould_median","mould_median","mould_median","mould_median","mould_median","mould_median","mould_median","mould_median","oil_pressure_max","oil_pressure_max","oil_pressure_max","oil_pressure_max","oil_pressure_max","oil_pressure_max","oil_pressure_max","oil_pressure_max","oil_pressure_max","oil_pressure_max","oil_pressure_max","oil_pressure_max","oil_pressure_max","oil_pressure_max","oil_pressure_max","oil_pressure_max","oil_pressure_max","oil_pressure_max","oil_pressure_max","oil_pressure_max","bucket_mean","bucket_mean","bucket_mean","bucket_mean","bucket_mean","bucket_mean","bucket_mean","bucket_mean","bucket_mean","bucket_mean","bucket_mean","bucket_mean","bucket_mean","bucket_mean","bucket_mean","bucket_mean","bucket_mean","bucket_mean","bucket_mean","bucket_mean","mould_sum","mould_sum","mould_sum","mould_sum","mould_sum","mould_sum","mould_sum","mould_sum","mould_sum","mould_sum","mould_sum","mould_sum","mould_sum","mould_sum","mould_sum","mould_sum","mould_sum","mould_sum","mould_sum","mould_sum","ingot_iqr","ingot_iqr","ingot_iqr","ingot_iqr","ingot_iqr","ingot_iqr","ingot_iqr","ingot_iqr","ingot_iqr","ingot_iqr","ingot_iqr","ingot_iqr","ingot_iqr","ingot_iqr","ingot_iqr","ingot_iqr","ingot_iqr","ingot_iqr","ingot_iqr","ingot_iqr","ingot_median","ingot_median","ingot_median","ingot_median","ingot_median","ingot_median","ingot_median","ingot_median","ingot_median","ingot_median","ingot_median","ingot_median","ingot_median","ingot_median","ingot_median","ingot_median","ingot_median","ingot_median","ingot_median","ingot_median","oil_pressure_kurt","oil_pressure_kurt","oil_pressure_kurt","oil_pressure_kurt","oil_pressure_kurt","oil_pressure_kurt","oil_pressure_kurt","oil_pressure_kurt","oil_pressure_kurt","oil_pressure_kurt","oil_pressure_kurt","oil_pressure_kurt","oil_pressure_kurt","oil_pressure_kurt","oil_pressure_kurt","oil_pressure_kurt","oil_pressure_kurt","oil_pressure_kurt","oil_pressure_kurt","oil_pressure_kurt","bucket_ptp","bucket_ptp","bucket_ptp","bucket_ptp","bucket_ptp","bucket_ptp","bucket_ptp","bucket_ptp","bucket_ptp","bucket_ptp","bucket_ptp","bucket_ptp","bucket_ptp","bucket_ptp","bucket_ptp","bucket_ptp","bucket_ptp","bucket_ptp","bucket_ptp","bucket_ptp","bucket_var","bucket_var","bucket_var","bucket_var","bucket_var","bucket_var","bucket_var","bucket_var","bucket_var","bucket_var","bucket_var","bucket_var","bucket_var","bucket_var","bucket_var","bucket_var","bucket_var","bucket_var","bucket_var","bucket_var","oil_pressure_ptp","oil_pressure_ptp","oil_pressure_ptp","oil_pressure_ptp","oil_pressure_ptp","oil_pressure_ptp","oil_pressure_ptp","oil_pressure_ptp","oil_pressure_ptp","oil_pressure_ptp","oil_pressure_ptp","oil_pressure_ptp","oil_pressure_ptp","oil_pressure_ptp","oil_pressure_ptp","oil_pressure_ptp","oil_pressure_ptp","oil_pressure_ptp","oil_pressure_ptp","oil_pressure_ptp","mould_kurt","mould_kurt","mould_kurt","mould_kurt","mould_kurt","mould_kurt","mould_kurt","mould_kurt","mould_kurt","mould_kurt","mould_kurt","mould_kurt","mould_kurt","mould_kurt","mould_kurt","mould_kurt","mould_kurt","mould_kurt","mould_kurt","mould_kurt","ingot_skew","ingot_skew","ingot_skew","ingot_skew","ingot_skew","ingot_skew","ingot_skew","ingot_skew","ingot_skew","ingot_skew","ingot_skew","ingot_skew","ingot_skew","ingot_skew","ingot_skew","ingot_skew","ingot_skew","ingot_skew","ingot_skew","ingot_skew","ingot_sem","ingot_sem","ingot_sem","ingot_sem","ingot_sem","ingot_sem","ingot_sem","ingot_sem","ingot_sem","ingot_sem","ingot_sem","ingot_sem","ingot_sem","ingot_sem","ingot_sem","ingot_sem","ingot_sem","ingot_sem","ingot_sem","ingot_sem","mould_iqr","mould_iqr","mould_iqr","mould_iqr","mould_iqr","mould_iqr","mould_iqr","mould_iqr","mould_iqr","mould_iqr","mould_iqr","mould_iqr","mould_iqr","mould_iqr","mould_iqr","mould_iqr","mould_iqr","mould_iqr","mould_iqr","mould_iqr","final label","final label","final label","final label","final label","final label","final label","final label","final label","final label","final label","final label","final label","final label","final label","final label","final label","final label","final label","final label"],"index":["ingot_min","ingot_sum","ingot_ptp","bucket_skew","bucket_kurt","mould_median","oil_pressure_max","bucket_mean","mould_sum","ingot_iqr","ingot_median","oil_pressure_kurt","bucket_ptp","bucket_var","oil_pressure_ptp","mould_kurt","ingot_skew","ingot_sem","mould_iqr","final label","ingot_min","ingot_sum","ingot_ptp","bucket_skew","bucket_kurt","mould_median","oil_pressure_max","bucket_mean","mould_sum","ingot_iqr","ingot_median","oil_pressure_kurt","bucket_ptp","bucket_var","oil_pressure_ptp","mould_kurt","ingot_skew","ingot_sem","mould_iqr","final label","ingot_min","ingot_sum","ingot_ptp","bucket_skew","bucket_kurt","mould_median","oil_pressure_max","bucket_mean","mould_sum","ingot_iqr","ingot_median","oil_pressure_kurt","bucket_ptp","bucket_var","oil_pressure_ptp","mould_kurt","ingot_skew","ingot_sem","mould_iqr","final label","ingot_min","ingot_sum","ingot_ptp","bucket_skew","bucket_kurt","mould_median","oil_pressure_max","bucket_mean","mould_sum","ingot_iqr","ingot_median","oil_pressure_kurt","bucket_ptp","bucket_var","oil_pressure_ptp","mould_kurt","ingot_skew","ingot_sem","mould_iqr","final label","ingot_min","ingot_sum","ingot_ptp","bucket_skew","bucket_kurt","mould_median","oil_pressure_max","bucket_mean","mould_sum","ingot_iqr","ingot_median","oil_pressure_kurt","bucket_ptp","bucket_var","oil_pressure_ptp","mould_kurt","ingot_skew","ingot_sem","mould_iqr","final label","ingot_min","ingot_sum","ingot_ptp","bucket_skew","bucket_kurt","mould_median","oil_pressure_max","bucket_mean","mould_sum","ingot_iqr","ingot_median","oil_pressure_kurt","bucket_ptp","bucket_var","oil_pressure_ptp","mould_kurt","ingot_skew","ingot_sem","mould_iqr","final label","ingot_min","ingot_sum","ingot_ptp","bucket_skew","bucket_kurt","mould_median","oil_pressure_max","bucket_mean","mould_sum","ingot_iqr","ingot_median","oil_pressure_kurt","bucket_ptp","bucket_var","oil_pressure_ptp","mould_kurt","ingot_skew","ingot_sem","mould_iqr","final label","ingot_min","ingot_sum","ingot_ptp","bucket_skew","bucket_kurt","mould_median","oil_pressure_max","bucket_mean","mould_sum","ingot_iqr","ingot_median","oil_pressure_kurt","bucket_ptp","bucket_var","oil_pressure_ptp","mould_kurt","ingot_skew","ingot_sem","mould_iqr","final label","ingot_min","ingot_sum","ingot_ptp","bucket_skew","bucket_kurt","mould_median","oil_pressure_max","bucket_mean","mould_sum","ingot_iqr","ingot_median","oil_pressure_kurt","bucket_ptp","bucket_var","oil_pressure_ptp","mould_kurt","ingot_skew","ingot_sem","mould_iqr","final label","ingot_min","ingot_sum","ingot_ptp","bucket_skew","bucket_kurt","mould_median","oil_pressure_max","bucket_mean","mould_sum","ingot_iqr","ingot_median","oil_pressure_kurt","bucket_ptp","bucket_var","oil_pressure_ptp","mould_kurt","ingot_skew","ingot_sem","mould_iqr","final label","ingot_min","ingot_sum","ingot_ptp","bucket_skew","bucket_kurt","mould_median","oil_pressure_max","bucket_mean","mould_sum","ingot_iqr","ingot_median","oil_pressure_kurt","bucket_ptp","bucket_var","oil_pressure_ptp","mould_kurt","ingot_skew","ingot_sem","mould_iqr","final label","ingot_min","ingot_sum","ingot_ptp","bucket_skew","bucket_kurt","mould_median","oil_pressure_max","bucket_mean","mould_sum","ingot_iqr","ingot_median","oil_pressure_kurt","bucket_ptp","bucket_var","oil_pressure_ptp","mould_kurt","ingot_skew","ingot_sem","mould_iqr","final label","ingot_min","ingot_sum","ingot_ptp","bucket_skew","bucket_kurt","mould_median","oil_pressure_max","bucket_mean","mould_sum","ingot_iqr","ingot_median","oil_pressure_kurt","bucket_ptp","bucket_var","oil_pressure_ptp","mould_kurt","ingot_skew","ingot_sem","mould_iqr","final label","ingot_min","ingot_sum","ingot_ptp","bucket_skew","bucket_kurt","mould_median","oil_pressure_max","bucket_mean","mould_sum","ingot_iqr","ingot_median","oil_pressure_kurt","bucket_ptp","bucket_var","oil_pressure_ptp","mould_kurt","ingot_skew","ingot_sem","mould_iqr","final label","ingot_min","ingot_sum","ingot_ptp","bucket_skew","bucket_kurt","mould_median","oil_pressure_max","bucket_mean","mould_sum","ingot_iqr","ingot_median","oil_pressure_kurt","bucket_ptp","bucket_var","oil_pressure_ptp","mould_kurt","ingot_skew","ingot_sem","mould_iqr","final label","ingot_min","ingot_sum","ingot_ptp","bucket_skew","bucket_kurt","mould_median","oil_pressure_max","bucket_mean","mould_sum","ingot_iqr","ingot_median","oil_pressure_kurt","bucket_ptp","bucket_var","oil_pressure_ptp","mould_kurt","ingot_skew","ingot_sem","mould_iqr","final label","ingot_min","ingot_sum","ingot_ptp","bucket_skew","bucket_kurt","mould_median","oil_pressure_max","bucket_mean","mould_sum","ingot_iqr","ingot_median","oil_pressure_kurt","bucket_ptp","bucket_var","oil_pressure_ptp","mould_kurt","ingot_skew","ingot_sem","mould_iqr","final label","ingot_min","ingot_sum","ingot_ptp","bucket_skew","bucket_kurt","mould_median","oil_pressure_max","bucket_mean","mould_sum","ingot_iqr","ingot_median","oil_pressure_kurt","bucket_ptp","bucket_var","oil_pressure_ptp","mould_kurt","ingot_skew","ingot_sem","mould_iqr","final label","ingot_min","ingot_sum","ingot_ptp","bucket_skew","bucket_kurt","mould_median","oil_pressure_max","bucket_mean","mould_sum","ingot_iqr","ingot_median","oil_pressure_kurt","bucket_ptp","bucket_var","oil_pressure_ptp","mould_kurt","ingot_skew","ingot_sem","mould_iqr","final label","ingot_min","ingot_sum","ingot_ptp","bucket_skew","bucket_kurt","mould_median","oil_pressure_max","bucket_mean","mould_sum","ingot_iqr","ingot_median","oil_pressure_kurt","bucket_ptp","bucket_var","oil_pressure_ptp","mould_kurt","ingot_skew","ingot_sem","mould_iqr","final label"],"value":["1","0.081789","-0.53798","-0.35779","0.069126","0.011494","0.23558","0.43671","0.15693","-0.26612","0.59309","0.1715","0.11578","-0.1027","-0.051906","-0.021343","0.025279","-0.17097","-0.11519","0.19404","0.081789","1","0.21389","-0.11004","0.0064448","0.00086037","0.10861","0.12134","0.36281","0.071248","0.21916","-0.063586","0.16956","0.04154","0.032557","0.13597","-0.20313","-0.33737","-0.01691","-0.098352","-0.53798","0.21389","1","-0.21411","0.085782","0.18511","0.28568","0.28469","0.27511","0.36304","0.16244","-0.021784","0.22351","0.053629","-0.060158","0.11911","-0.38124","0.27184","0.046524","0.0017727","-0.35779","-0.11004","-0.21411","1","-0.6421","-0.16115","-0.44097","-0.68485","-0.30645","-0.046868","-0.63323","-0.23191","-0.34337","0.098844","0.085774","-0.028654","0.37253","-0.067751","0.24445","-0.27071","0.069126","0.0064448","0.085782","-0.6421","1","0.047706","0.058222","0.12406","0.050546","0.10801","0.18129","0.09328","0.42833","-0.03245","-0.025077","-0.047416","-0.053775","0.050054","0.026832","0.022305","0.011494","0.00086037","0.18511","-0.16115","0.047706","1","0.27656","0.27076","0.62791","0.15515","0.078244","-0.078254","0.033328","0.065387","-0.055491","-0.13322","0.0041185","0.13814","-0.0091131","-0.31834","0.23558","0.10861","0.28568","-0.44097","0.058222","0.27656","1","0.66224","0.28648","0.10487","0.40591","0.10556","0.26714","0.060044","0.026543","0.050661","-0.20029","0.10286","0.040656","0.24419","0.43671","0.12134","0.28469","-0.68485","0.12406","0.27076","0.66224","1","0.34358","0.031379","0.69169","0.21042","0.25119","-0.086759","-0.15047","0.088422","-0.39915","0.10004","-0.18014","0.37331","0.15693","0.36281","0.27511","-0.30645","0.050546","0.62791","0.28648","0.34358","1","0.11455","0.31577","-0.0028072","0.27294","0.075669","0.041919","-0.033176","-0.15641","0.10707","-0.012129","-0.18466","-0.26612","0.071248","0.36304","-0.046868","0.10801","0.15515","0.10487","0.031379","0.11455","1","-0.17875","-0.10617","0.094869","0.1494","-0.027602","-0.00045288","0.2266","0.38311","-0.011218","-0.17678","0.59309","0.21916","0.16244","-0.63323","0.18129","0.078244","0.40591","0.69169","0.31577","-0.17875","1","0.24346","0.2376","-0.15417","-0.082351","0.090355","-0.5896","-0.0036235","-0.18705","0.32155","0.1715","-0.063586","-0.021784","-0.23191","0.09328","-0.078254","0.10556","0.21042","-0.0028072","-0.10617","0.24346","1","0.08754","-0.049427","-0.00035422","0.050656","-0.15721","-0.011289","-0.060094","0.26889","0.11578","0.16956","0.22351","-0.34337","0.42833","0.033328","0.26714","0.25119","0.27294","0.094869","0.2376","0.08754","1","0.63522","-0.049878","0.052966","-0.11991","0.044348","0.5737","0.13897","-0.1027","0.04154","0.053629","0.098844","-0.03245","0.065387","0.060044","-0.086759","0.075669","0.1494","-0.15417","-0.049427","0.63522","1","-0.0099665","-0.005102","0.092163","0.016355","0.65551","-0.01928","-0.051906","0.032557","-0.060158","0.085774","-0.025077","-0.055491","0.026543","-0.15047","0.041919","-0.027602","-0.082351","-0.00035422","-0.049878","-0.0099665","1","-0.0059678","0.030959","-0.013614","-0.0041829","-0.038089","-0.021343","0.13597","0.11911","-0.028654","-0.047416","-0.13322","0.050661","0.088422","-0.033176","-0.00045288","0.090355","0.050656","0.052966","-0.005102","-0.0059678","1","-0.095287","0.0081899","-0.043568","0.058319","0.025279","